aaa u1 u2 u3 u4 u5 u6 u7 u8 u9 u10 u11 u12 u13 u14 u15 u16 u17 u18 u19 u20 u21
e1  0  1  0  0  0  0  0  1  0  0   0   0   0   0   0   0   0   0   0   0   0  
e2  0  0  0  0  0  0  0  0  0  0   0   0   0   0   0   0   0   0   0   1   1  
e3  0  1  0  0  0  0  0  0  0  0   0   0   0   0   0   0   0   0   0   0   0  
e4  0  0  0  0  0  0  0  0  1  0   1   0   0   0   0   0   0   0   1   0   0  
e5  0  0  0  1  0  0  1  0  0  1   0   0   0   0   0   0   0   0   0   0   1  
e6  0  0  0  0  0  1  0  0  0  0   0   0   0   0   1   0   0   0   0   0   0  
e7  1  0  0  0  0  0  0  1  0  0   1   0   0   0   0   0   1   0   0   0   0  
e8  1  0  0  0  1  0  0  0  0  1   0   0   1   0   0   0   1   0   0   0   0  
e9  0  0  0  1  0  0  0  0  1  0   0   0   0   0   0   0   0   0   1   0   0  
e10 0  1  0  0  0  0  0  0  0  0   0   1   0   0   0   0   0   0   0   1   0  
e11 0  0  1  0  0  0  0  0  0  0   0   0   1   1   0   1   1   0   1   0   0  
e12 0  0  1  0  1  1  1  0  1  0   0   1   0   1   1   0   0   1   0   0   0  
e13 1  0  1  0  0  1  1  1  0  1   0   1   1   1   0   0   0   1   0   0   1  
