aaa	e1	e2	e3	e4	e5	e6	e7	e8	e9	e10	e11	e12	e13
u1	0	0	0	0	0	0	1	1	0	0	0	0	1
u2	1	0	1	0	0	0	0	0	0	1	0	0	0
u3	0	0	0	0	0	0	0	0	0	0	1	1	1
u4	0	0	0	0	1	0	0	0	1	0	0	0	0
u5	0	0	0	0	0	0	0	1	0	0	0	1	0
u6	0	0	0	0	0	1	0	0	0	0	0	1	1
u7	0	0	0	0	1	0	0	0	0	0	0	1	1
u8	1	0	0	0	0	0	1	0	0	0	0	0	1
u9	0	0	0	1	0	0	0	0	1	0	0	1	0
u10	0	0	0	0	1	0	0	1	0	0	0	0	1
u11	0	0	0	1	0	0	1	0	0	0	0	0	0
u12	0	0	0	0	0	0	0	0	0	1	0	1	1
u13	0	0	0	0	0	0	0	1	0	0	1	0	1
u14	0	0	0	0	0	0	0	0	0	0	1	1	1
u15	0	0	0	0	0	1	0	0	0	0	0	1	0
u16	0	0	0	0	0	0	0	0	0	0	1	0	0
u17	0	0	0	0	0	0	1	1	0	0	1	0	0
u18	0	0	0	0	0	0	0	0	0	0	0	1	1
u19	0	0	0	1	0	0	0	0	1	0	1	0	0
u20	0	1	0	0	0	0	0	0	0	1	0	0	0
u21	0	1	0	0	1	0	0	0	0	0	0	0	1
