0 2 0 2 1 1 2 0 2 2 0 0 2 4 2 3 1
  0 1 0 1 0 0 1 1 1 1 1 1 1 1 1 1
    0 0 0 1 0 3 2 2 1 1 1 1 3 2 1
      0 1 1 1 0 0 0 0 0 2 3 1 2 4
        0 0 1 0 0 1 1 2 3 1 1 2 2
          0 1 1 0 2 0 0 1 0 1 2 3
            0 1 1 1 1 1 0 1 0 1 1
              0 2 2 3 1 2 3 1 3 2
                0 2 0 2 4 2 2 3 0
                  0 0 0 2 0 4 0 3
                    0 2 1 2 1 1 0
                      0 3 0 2 3 0
                        0 2 1 3 1
                          0 3 3 3
                            0 4 4
                              0 3
                                0

12
12
11
8
9
7
8
9
6
3
5
3
4
3
2
1
0

  2   2 1 1 2   2 2     2 4 2 3 1
    1   1     1 1 1 1 1 1 1 1 1 1
          1   3 2 2 1 1 1 1 3 2 1
        1 1 1           2 3 1 2 4
            1     1 1 2 3 1 1 2 2
            1 1   2     1   1 2 3
              1 1 1 1 1   1   1 1
                2 2 3 1 2 3 1 3 2
                  2   2 4 2 2 3
                        2   4   3
                      2 1 2 1 1
                        3   2 3
                          2 1 3 1
                            3 3 3
                              4 4
                                3


0     12
1     12
1     11
1     8
3     9
3     7
4     8
4     9
5     6
8     3
5     5
7     3
11    4
9     3
13    2
14    1
13    0


e_1 e_2 e_3 e_4 e_5 e_6 e_7 e_8 e_9 e_10 e_11 e_12 e_13 e_14 e_15 e_16 e_17

12  13  12  9   12  10  12  13  11  11   10   10   15   12   15   15   13

1 start
--------------------

e_13      15
e_15      15
e_16      15
e_17      13
e_2       13
e_8       13
e_1       12
e_14      12
e_3       12
e_5       12
e_7       12
e_10      11
e_9       11
e_11      10
e_12      10
e_6       10
e_4       9

e_13 e_7

  1  2  3  4  5  6  7  8  9  10 11 12 13 14 15 16 17
1 0  2  0  2  1  1  2  0  2  2  0  0  2  4  2  3  1
2    0  1  0  1  0  0  1  1  1  1  1  1  1  1  1  1
3       0  0  0  1  0  3  2  2  1  1  1  1  3  2  1
4          0  1  1  1  0  0  0  0  0  2  3  1  2  4
5             0  0  1  0  0  1  1  2  3  1  1  2  2
6                0  1  1  0  2  0  0  1  0  1  2  3
7                   0  1  1  1  1  1  0  1  0  1  1
8                      0  2  2  3  1  2  3  1  3  2
9                         0  2  0  2  4  2  2  3  0
10                           0  0  0  2  0  4  0  3
11                              0  2  1  2  1  1  0
12                                 0  3  0  2  3  0
13                                    0  2  1  3  1
14                                       0  3  3  3
15                                          0  4  4
16                                             0  3
17                                                0

2
----------------

e_15      15
e_16      15
e_17      13
e_2       13
e_8       13
e_1       12
e_14      12
e_3       12
e_5       12
e_10      11
e_9       11
e_11      10
e_12      10
e_6       10
e_4       9


e_15

  1  2  3  4  5  6  8  9  10 11 12 14 15 16 17
1 0  2  0  2  1  1  0  2  2  0  0  4  2  3  1
2    0  1  0  1  0  1  1  1  1  1  1  1  1  1
3       0  0  0  1  3  2  2  1  1  1  3  2  1
4          0  1  1  0  0  0  0  0  3  1  2  4
5             0  0  0  0  1  1  2  1  1  2  2
6                0  1  0  2  0  0  0  1  2  3
8                   0  2  2  3  1  3  1  3  2
9                      0  2  0  2  2  2  3  0
10                        0  0  0  0  4  0  3
11                           0  2  2  1  1  0
12                              0  0  2  3  0
14                                 0  3  3  3
15                                    0  4  4
16                                       0  3
17                                          0


3
----------------

e_16      15
e_17      13
e_2       13
e_8       13
e_1       12
e_14      12
e_3       12
e_5       12
e_10      11
e_9       11
e_11      10
e_12      10
e_6       10
e_4       9

e_16 e_10

  1  2  3  4  5  6  8  9  10 11 12 14 16 17
1 0  2  0  2  1  1  0  2  2  0  0  4  3  1
2    0  1  0  1  0  1  1  1  1  1  1  1  1
3       0  0  0  1  3  2  2  1  1  1  2  1
4          0  1  1  0  0  0  0  0  3  2  4
5             0  0  0  0  1  1  2  1  2  2
6                0  1  0  2  0  0  0  2  3
8                   0  2  2  3  1  3  3  2
9                      0  2  0  2  2  3  0
10                        0  0  0  0  0  3
11                           0  2  2  1  0
12                              0  0  3  0
14                                 0  3  3
16                                    0  3
17                                       0


4
----------------

e_17      13
e_2       13
e_8       13
e_1       12
e_14      12
e_3       12
e_5       12
e_9       11
e_11      10
e_12      10
e_6       10
e_4       9

e_17 e_9 e_11 e_12

  1  2  3  4  5  6  8  9  11 12 14 17
1 0  2  0  2  1  1  0  2  0  0  4  1
2    0  1  0  1  0  1  1  1  1  1  1
3       0  0  0  1  3  2  1  1  1  1
4          0  1  1  0  0  0  0  3  4
5             0  0  0  0  1  2  1  2
6                0  1  0  0  0  0  3
8                   0  2  3  1  3  2
9                      0  0  2  2  0
11                        0  2  2  0
12                           0  0  0
14                              0  3
17                                 0


5
----------------

e_2       13
e_8       13
e_1       12
e_14      12
e_3       12
e_5       12
e_6       10
e_4       9

e_2 e_4 e_6

  1  2  3  4  5  6  8  14
1 0  2  0  2  1  1  0  4
2    0  1  0  1  0  1  1
3       0  0  0  1  3  1
4          0  1  1  0  3
5             0  0  0  1
6                0  1  0
8                   0  3
14                     0


6
----------------

e_8       13
e_1       12
e_14      12
e_3       12
e_5       12

e_8 e_1 e_5

  1  3  5  8  14
1 0  0  1  0  4
3    0  0  3  1
5       0  0  1
8          0  3
14            0


7
----------------

e_14      12
e_3       12

e_14

  3  14
3 0  1
14   0


1 e_13 e_7
2 e_15
3 e_16 e_10
4 e_17 e_9 e_11 e_12
5 e_2 e_4 e_6
6 e_8 e_1 e_5
7 e_14
8 e_3


\begin{tabular}{c|c|c|c|c|c|c|c|c|c|c|c|c|c|c|c|c|c}
\hline
      & $p_{1}$ & $p_{2}$ & $p_{3}$ & $p_{4}$ & $p_{5}$ & $p_{6}$ & $p_{7}$ & $p_{8}$ & $p_{9}$ & $p_{10}$ & $p_{11}$ & $p_{12}$ & $p_{13}$ & $p_{14}$ & $p_{15}$ & $p_{16}$ & $p_{17}$ \\
\hline
$p_{1}$  & 0 & 1 & 2 & 3 & 4 & 5 & 1 & 2 & 3 & 4 & 5 & 6 & 2 & 3 & 4 & 5 & 6 \\ \hline
$p_{2}$  & 1 & 0 & 1 & 2 & 3 & 4 & 2 & 1 & 2 & 3 & 4 & 5 & 3 & 2 & 3 & 4 & 5 \\ \hline
$p_{3}$  & 2 & 1 & 0 & 1 & 2 & 3 & 3 & 2 & 1 & 2 & 3 & 4 & 4 & 3 & 2 & 3 & 4 \\ \hline
$p_{4}$  & 3 & 2 & 1 & 0 & 1 & 2 & 4 & 3 & 2 & 1 & 2 & 3 & 5 & 4 & 3 & 2 & 3 \\ \hline
$p_{5}$  & 4 & 3 & 2 & 1 & 0 & 1 & 5 & 4 & 3 & 2 & 1 & 2 & 6 & 5 & 4 & 3 & 2 \\ \hline
$p_{6}$  & 5 & 4 & 3 & 2 & 1 & 0 & 6 & 5 & 4 & 3 & 2 & 1 & 7 & 6 & 5 & 4 & 3 \\ \hline
$p_{7}$  & 1 & 2 & 3 & 4 & 5 & 6 & 0 & 1 & 2 & 3 & 4 & 5 & 1 & 2 & 3 & 4 & 5 \\ \hline
$p_{8}$  & 2 & 1 & 2 & 3 & 4 & 5 & 1 & 0 & 1 & 2 & 3 & 4 & 2 & 1 & 2 & 3 & 4 \\ \hline
$p_{9}$  & 3 & 2 & 1 & 2 & 3 & 4 & 2 & 1 & 0 & 1 & 2 & 3 & 3 & 2 & 1 & 2 & 3 \\ \hline
$p_{10}$ & 4 & 3 & 2 & 1 & 2 & 3 & 3 & 2 & 1 & 0 & 1 & 2 & 4 & 3 & 2 & 1 & 2 \\ \hline
$p_{11}$ & 5 & 4 & 3 & 2 & 1 & 2 & 4 & 3 & 2 & 1 & 0 & 1 & 5 & 4 & 3 & 2 & 1 \\ \hline
$p_{12}$ & 6 & 5 & 4 & 3 & 2 & 1 & 5 & 4 & 3 & 2 & 1 & 0 & 6 & 5 & 4 & 3 & 2 \\ \hline
$p_{13}$ & 2 & 3 & 4 & 5 & 6 & 7 & 1 & 2 & 3 & 4 & 5 & 6 & 0 & 1 & 2 & 3 & 4 \\ \hline
$p_{14}$ & 3 & 2 & 3 & 4 & 5 & 6 & 2 & 1 & 2 & 3 & 4 & 5 & 1 & 0 & 1 & 2 & 3 \\ \hline
$p_{15}$ & 4 & 3 & 2 & 3 & 4 & 5 & 3 & 2 & 1 & 2 & 3 & 4 & 2 & 1 & 0 & 1 & 2 \\ \hline
$p_{16}$ & 5 & 4 & 3 & 2 & 3 & 4 & 4 & 3 & 2 & 1 & 2 & 3 & 3 & 2 & 1 & 0 & 1 \\ \hline
$p_{17}$ & 6 & 5 & 4 & 3 & 2 & 3 & 5 & 4 & 3 & 2 & 1 & 2 & 4 & 3 & 2 & 1 & 0 \\ \hline
\end{tabular}


e_13      15
e_15      15
e_16      15
e_17      13
e_2       13
e_8       13
e_1       12
e_14      12
e_3       12
e_5       12
e_7       12
e_10      11
e_9       11
e_11      10
e_12      10
e_6       10
e_4       9

56

1 0 1 2 3 4 2 1 2 3 4 5 3 2 3 4 5

56

70

