asd u1 u2 u3 u4 u5 u6 u7 u8 u9 u10 u11 u12 u13 u14 u15 u16 u17 u18 u19 u20 u21 u22 u23 u24 u25 u26 u27 u28 u29 u30
e1  0  0  0  1  0  0  0  0  0  0   0   0   0   0   0   1   0   0   1   0   0   1   0   0   0   0   1   0   1   1
e2  0  0  0  1  0  0  0  0  0  0   0   1   0   0   0   0   0   0   0   0   0   0   0   1   0   0   0   0   1   0
e3  0  0  0  0  0  0  0  0  1  0   0   0   1   0   0   0   1   0   0   0   1   0   0   1   0   0   0   0   0   0
e4  0  0  1  0  0  0  1  1  0  1   0   0   0   0   0   0   0   0   1   0   0   0   0   0   0   0   1   0   0   0
e5  0  0  0  0  1  0  1  0  0  0   0   1   0   0   0   0   0   0   0   1   0   1   0   0   0   0   0   0   0   0
e6  0  0  1  0  0  0  0  0  0  0   1   0   1   0   0   0   0   0   0   0   0   0   0   0   1   0   0   0   0   1
e7  0  0  1  0  0  1  0  0  0  0   0   0   0   0   0   1   0   0   0   0   0   1   0   0   0   0   0   0   0   0
e8  0  1  0  0  0  1  0  0  0  0   0   0   1   0   1   0   1   0   0   0   0   0   0   1   0   1   0   1   0   0
e9  0  1  0  0  0  0  0  0  1  0   0   0   0   0   0   1   0   0   0   0   1   0   1   0   0   1   0   0   1   0
e10 1  0  0  1  0  0  0  0  0  0   0   0   1   0   0   0   0   0   0   0   1   1   0   0   1   1   0   0   0   0
e11 0  0  0  0  0  1  0  0  0  0   0   1   0   0   0   0   1   0   0   0   0   0   0   0   0   0   0   1   0   0
e12 0  0  0  0  0  1  0  0  1  0   0   1   0   0   0   0   0   1   0   1   0   0   1   0   0   0   0   0   0   0
e13 0  1  0  0  0  0  1  0  0  0   0   1   0   0   0   0   0   0   0   1   1   0   1   0   0   1   1   0   0   1
e14 0  0  0  0  0  0  1  0  0  0   0   0   0   1   1   1   1   0   1   0   0   0   0   0   0   0   1   1   1   0
e15 1  0  0  1  1  0  0  0  1  0   0   0   0   1   0   0   1   1   1   0   1   0   0   0   1   0   0   0   0   0
e16 0  1  0  0  1  0  0  0  1  1   1   0   0   0   0   1   0   1   1   1   0   0   0   1   0   0   0   1   0   1
e17 1  0  1  1  1  0  1  1  0  1   1   0   1   1   1   0   0   0   0   0   0   0   0   0   0   0   0   0   0   0
