asd	e1	e2	e3	e4	e5	e6	e7	e8	e9	e10	e11	e12	e13	e14	e15	e16	e17
u1	0	0	0	0	0	0	0	0	0	1	0	0	0	0	1	0	1
u2	0	0	0	0	0	0	0	1	1	0	0	0	1	0	0	1	0
u3	0	0	0	1	0	1	1	0	0	0	0	0	0	0	0	0	1
u4	1	1	0	0	0	0	0	0	0	1	0	0	0	0	1	0	1
u5	0	0	0	0	1	0	0	0	0	0	0	0	0	0	1	1	1
u6	0	0	0	0	0	0	1	1	0	0	1	1	0	0	0	0	0
u7	0	0	0	1	1	0	0	0	0	0	0	0	1	1	0	0	1
u8	0	0	0	1	0	0	0	0	0	0	0	0	0	0	0	0	1
u9	0	0	1	0	0	0	0	0	1	0	0	1	0	0	1	1	0
u10	0	0	0	1	0	0	0	0	0	0	0	0	0	0	0	1	1
u11	0	0	0	0	0	1	0	0	0	0	0	0	0	0	0	1	1
u12	0	1	0	0	1	0	0	0	0	0	1	1	1	0	0	0	0
u13	0	0	1	0	0	1	0	1	0	1	0	0	0	0	0	0	1
u14	0	0	0	0	0	0	0	0	0	0	0	0	0	1	1	0	1
u15	0	0	0	0	0	0	0	1	0	0	0	0	0	1	0	0	1
u16	1	0	0	0	0	0	1	0	1	0	0	0	0	1	0	1	0
u17	0	0	1	0	0	0	0	1	0	0	1	0	0	1	1	0	0
u18	0	0	0	0	0	0	0	0	0	0	0	1	0	0	1	1	0
u19	1	0	0	1	0	0	0	0	0	0	0	0	0	1	1	1	0
u20	0	0	0	0	1	0	0	0	0	0	0	1	1	0	0	1	0
u21	0	0	1	0	0	0	0	0	1	1	0	0	1	0	1	0	0
u22	1	0	0	0	1	0	1	0	0	1	0	0	0	0	0	0	0
u23	0	0	0	0	0	0	0	0	1	0	0	1	1	0	0	0	0
u24	0	1	1	0	0	0	0	1	0	0	0	0	0	0	0	1	0
u25	0	0	0	0	0	1	0	0	0	1	0	0	0	0	1	0	0
u26	0	0	0	0	0	0	0	1	1	1	0	0	1	0	0	0	0
u27	1	0	0	1	0	0	0	0	0	0	0	0	1	1	0	0	0
u28	0	0	0	0	0	0	0	1	0	0	1	0	0	1	0	1	0
u29	1	1	0	0	0	0	0	0	1	0	0	0	0	1	0	0	0
u30	1	0	0	0	0	1	0	0	0	0	0	0	1	0	0	1	0
